[Player]
MoveSpeed=49.875999
BoostMultiplier=70.000000
BulletSpeed=2.000000
HpMax=100.000000

[Camera]
Distance=0.050000
Height=3.5
FovDeg=50.000000
BoostFovDeg=65.000000
Sensitivity=1.000000
Heigh=3.500000

[Blur]

Stretch=0.500000
CenterX=0.500000
CenterY=0.500000
StartPoint=0.200000
EndPoint=1.000000
