[Player]
MoveSpeed=40.00
BoostMultiplier=2.500000
BulletSpeed=300.000000
HpMax=100.000000

[Camera]
Distance=0.050000
Height=3.5
FovDeg=50.000000
BoostFovDeg=63.000000
Sensitivity=1.000000
Heigh=3.500000

[Blur]

Stretch=0.500000
CenterX=0.500000
CenterY=0.500000
StartPoint=0.200000
EndPoint=1.000000
